0   34  12  87  9   55  61
34  0   42  18  73  90  26
12  42  0   67  15  48  81
87  18  67  0   39  11  56
9   73  15  39  0   92  33
55  90  48  11  92  0   20
61  26  81  56  33  20  0