0 234 258 355 48 75 292 108 472 143
234 0 500 17 168 67 263 138 125 333
258 500 0 457 190 348 3 141 65 211
355 17 457 0 283 492 154 160 97 398
48 168 190 283 0 400 25 44 9 83
75 67 348 492 400 0 244 264 44 374
292 263 3 154 25 244 0 335 479 343
108 138 141 160 44 264 335 0 473 186
472 125 65 97 9 44 479 473 0 463
143 333 211 398 83 374 343 186 463 0